Source	Sample	OTU1	OTU2	OTU3	OTU4	OTU5	OTU6	OTU7	OTU8	OTU9	OTU10	OTU11	OTU12	OTU13	OTU14	OTU15	OTU16	OTU17	OTU18	OTU19	OTU20
Seawater	Evans_2014	0.045114139	0.018045656	0	0.027068483	0	0	0.004511414	0.009022828	0	0.96544257	0.004511414	0.013534242	0.013534242	5.779121177	0.009022828	0.009022828	0	0	0.004511414	0.009022828
Seawater	Evans_2015	0.032899375	0	0	0.004699911	0	0	0.014099732	0	0	6.622174179	0	0	0	8.826432298	0.075198571	0	0	0	0.004699911	0
Seawater	Evans_2017	0.01362893	0	0.004542977	0	0	0.004542977	0	0	0	7.564055969	0	0	0	9.853716155	0.049972742	0	0	0	0	0
Seawater	Evans_2016	0.082725816	0.010340727	0	0.01551109	0	0	0	0	0	1.432190683	0	0	0	2.812677731	0	0.098236906	0.005170363	0	0	0.005170363
Seawater	RIY_2015	0.028715593	0	0	0	0	0	0.004102228	0	0	18.4764327	0	0	0	10.41145342	0.004102228	0.03281782	0	0	0	0
Seawater	RIY_2016	0.056704344	0.015121158	0.011340869	0.026462027	0.015121158	0.00378029	0.007560579	0	0.00378029	7.118285261	0.00378029	0.00378029	0.00378029	4.57415038	0.00378029	0.007560579	0.007560579	0.00378029	0.00378029	0
Seawater	RIY_2016B	0.055619732	0	0	0.008556882	0.004278441	0	0	0.008556882	0	19.1888076	0	0.004278441	0	10.73032987	0.008556882	0.008556882	0	0	0	0
Seawater	RIY_2017	0.010790202	0	0	0.010790202	0	0	0	0	0	7.463223393	0	0	0	9.624860627	0	0.136675898	0	0.007193468	0	0
Tsitsikamma favus	TIC2012_057	35.89391555	0.073669759	1.664266818	4.011653216	0.006697251	0.164082644	0.013394502	0.274587282	0.023440378	0.291330409	0.036834879	29.90322473	0.016743127	0.063623882	0.097110136	0.026789003	0.2109634	0.003348625	0.006697251	0.003348625
Tsitsikamma favus	TIC2014_001	62.22347869	0.120149834	1.865856244	6.912149268	0.007067637	0.007067637	0.007067637	0.537140434	0.035338186	0.113082197	0	0.212029119	0	0.07774401	0	0.643154993	0.098946922	0	0.007067637	0.007067637
Tsitsikamma favus	TIC2015_013	60.2034498	3.905351614	1.862007961	8.752764264	0.048651039	1.472799646	0.017691287	0.37593985	0.066342326	0.278637771	0.544007077	1.136665192	0.026536931	0.035382574	0.057496683	0.185758514	0.106147722	0.110570544	0.013268465	0.004422822
Tsitsikamma favus	TIC2016_050A	62.77788819	0.176031345	7.276908662	5.729536356	0.014196076	1.479231141	0	0.349223475	0.300956816	0.11924704	0.017035291	0.068141166	0.022713722	0.019874507	0	0.553646972	0.036909798	0	0.017035291	0
Tsitsikamma favus	TIC2016_050AD	55.60651227	0.372620958	7.251777115	3.817931667	0	0.137583123	0	1.066269204	0.01719789	0.292364137	0.034395781	0.120385233	0	0.040128411	0	2.980967668	0	0	0.00573263	0
Tsitsikamma favus	TIC2016_050AH	41.26906705	2.097374956	2.447676481	4.004079461	0	4.376551969	0	0.004434197	0.097552324	0.243880809	0.177367861	0.044341965	0	0.093118127	0.053210358	3.644909542	0.08868393	0.004434197	0	0
Tsitsikamma favus	TIC2016_050AW	56.08840525	0.430216374	1.999240795	5.255388249	0	0.62845333	0	0.721245097	0.012653423	0.324771184	0.029524653	0.303682146	0.004217808	0.143405458	0.012653423	4.90531022	0	0	0.008435615	0
Tsitsikamma favus	TIC2016_050B	60.39175124	0.491305191	3.626608055	4.447604887	0	3.161161032	0.006464542	0.265046221	0.09696813	0.265046221	0.025858168	0.187471718	0.006464542	0.071109962	1.325231107	1.667851833	0	0	0.006464542	0
Tsitsikamma favus	TIC2016_050C	41.13660063	0.399721933	0.104275287	2.850191171	0.017379214	0.260688217	0.017379214	0.034758429	0.104275287	0.121654501	0.052137643	0.573514077	0	0.086896072	0	8.411539798	0.191171359	0	0	0
Tsitsikamma favus	TIC2016_050D	33.41798141	4.570996326	7.764210071	1.783012751	0	1.426410201	0	0.923924789	0.210719689	0.129673655	0.237735033	3.663280743	0.016209207	0.032418414	0.010806138	6.013615734	0.032418414	0	0.021612276	0
Tsitsikamma favus	TIC2018_003A	33.91259544	0.936812029	15.29345637	3.822193077	0.096023233	5.058784955	0	4.693428264	0.110075413	0.690898871	0.072602932	0.00234203	0.00468406	0.01405218	1.918122629	0.117101504	0.00702609	0	0	0
Tsitsikamma favus	TIC2018_003B	35.92368753	0.60887606	14.72578026	3.99603103	0.108244633	5.263395273	0	4.514703229	0.126285405	0.856936677	0.049612123	0.099224247	0.013530579	0.013530579	2.115280534	0.162366949	0.013530579	0	0	0
Tsitsikamma favus	TIC2018_003C	35.5293591	0.578228755	15.59352384	3.756621652	0.063418638	5.222711333	0	4.696709692	0.070879654	0.6453779	0.05968813	0.033574573	0.007461016	0	1.988360815	0.134298291	0.007461016	0	0	0
Tsitsikamma favus	TIC2018_003D	33.92857143	0.754233246	13.29895063	3.517767708	0.131170999	12.54173623	0	4.418077749	0.0655855	0.545552111	0.101359409	0.005962318	0.011924636	0.020868114	1.958621512	0.110302886	0.008943477	0	0	0.002981159
Tsitsikamma favus	TIC2018_003E	38.49499978	1.183909592	14.39974887	3.982241356	0.103143639	4.699762321	0	4.417238441	0.103143639	0.582985784	0.107628145	0.008969012	0.004484506	0.013453518	1.9328221	0.103143639	0.013453518	0	0	0
Tsitsikamma favus	TIC2018_003F	39.4136711	0.544108465	15.18151815	4.222043826	0.059465406	5.015906996	0	4.495584694	0.080278298	0.526268843	0.059465406	0.00297327	0.00297327	0.017839622	1.858293938	0.121904082	0	0	0	0
Tsitsikamma favus	TIC2018_003G	27.17803866	1.346102922	12.89169388	2.603936799	0.026480713	1.871303734	0	0.869450084	0.052961426	1.04157472	0.14123047	0.163297731	0.008826904	0.030894165	2.943772619	0.110336305	0.017653809	0	0	0
Tsitsikamma favus	TIC2018_003H	32.53898666	1.565729317	7.415294044	3.297425941	1.390367633	7.186697564	0	2.329805223	0.062629173	0.673263606	0.187887518	0.009394376	0.025051669	0.018788752	6.32554644	0.100206676	0.031314586	0	0	0
Tsitsikamma favus	TIC2018_003I	35.69398695	0.313246787	11.57721372	3.83969515	0.138861978	3.077568947	0	3.871988633	0.145320674	1.38216108	0.022605438	0.361687012	0.01937609	0.041981528	7.107795647	0.226054382	0.006458697	0	0.041981528	0.003229348
Tsitsikamma favus	TIC2018_003J	30.13047111	0.880519314	9.566810206	2.702615849	0.012854297	1.77067935	0	1.950639501	0.070698631	1.012275853	0.070698631	0.787325664	0.035349316	0.032135741	2.133813227	0.160678707	0.025708593	0	0	0
Tsitsikamma favus	TIC2018_003M	20.30926959	1.121527089	4.500269053	1.937183154	0.033985669	23.00263389	0	1.016737942	0.022657113	0.911948795	0.107621286	0.019824974	0.002832139	0.093460591	4.259537228	0.141606956	0	0	0.002832139	0
Tsitsikamma favus	TIC2018_007A	38.88556864	4.063983125	25.26981895	2.612058358	0.622253472	2.415187203	0	4.151872034	0.059764458	0.984355774	0.274213394	0.059764458	0	0.017577782	3.255405168	0.137106697	0.007031113	0	0	0
Tsitsikamma favus	TIC2018_007B	42.5862069	1.810344828	8.615301724	3.976293103	0	0.113146552	0	0.167025862	0.140086207	0.743534483	0.145474138	0.064655172	0.016163793	0.005387931	2.359913793	0.140086207	0.064655172	0	0	0
Tsitsikamma favus	TIC2018_007C	35.84014119	1.884375623	17.88448948	3.580882981	0.045543822	5.203381629	0	5.24892545	0.054083288	0.518060972	0.176482309	0	0.005692978	0.011385955	4.67678119	0.170789331	0.008539467	0	0	0
Tsitsikamma favus	TIC2018_007D	38.90977924	0.634384672	16.01309697	3.693755915	0	0.752052797	0	6.732663137	0.043486046	0.596014632	0.069066073	0.002558003	0.017906019	0.007674008	1.335277415	0.086972092	0.010232011	0	0	0
Tsitsikamma favus	TIC2018_007E	38.12460193	0.622430664	16.2092525	2.909501476	0.110011001	5.955069191	0	5.297898211	0.08685079	0.480574373	0.052110474	0.005790053	0.008685079	0.002895026	2.061258757	0.133171212	0.017370158	0	0	0
Tsitsikamma favus	TIC2018_014A	34.04178933	1.847729829	17.09628779	3.769656064	0.086163567	4.868241545	0	4.80361887	0.088557	0.636653024	0.213015486	0.011967162	0.016754027	0.002393432	2.448481367	0.150786243	0.011967162	0	0	0
Tsitsikamma favus	TIC2018_014B	37.13606489	0.99286813	16.94028807	3.912739477	0.061529856	4.972731087	0	4.603551951	0.125856524	0.536987834	0.117466089	0.083904349	0.013984058	0.002796812	1.675290169	0.111872465	0.008390435	0	0	0
Tsitsikamma favus	TIC2018_014C	38.47724807	0.820090625	16.5390261	4.011104729	0.19465186	4.614206395	0	5.536409471	0.204224903	0.568000511	0.092539409	0.118067522	0.006382028	0.009573042	1.58593401	0.143595635	0.009573042	0	0	0
Tsitsikamma favus	TIC2018_014D	36.32348367	2.105754277	22.11508554	3.368584759	0.046656299	3.623639191	0	5.153965785	0.096423017	0.538102644	0.158631415	0.00933126	0.00622084	0.00622084	2.108864697	0.139968896	0.00311042	0	0	0
Tsitsikamma favus	TIC2018_014E	33.71614955	3.494682601	21.23122465	3.204144282	0.02192742	2.209187589	0	4.201841903	0.079486898	0.904506085	0.290538318	0.049336696	0.008222783	0.013704638	2.521653327	0.161714724	0.002740928	0	0	0
Tsitsikamma nguni	TIC2015_003E	31.2578286	2.105135561	15.37435856	3.923390844	0.197987797	1.470766496	0.222231201	3.135480221	1.272778698	0.004040567	0.250515172	15.72992848	0.153541557	0.008081135	0.004040567	0.020202836	0.335367086	0	0.133338721	0.068689644
Tsitsikamma nguni	TIC2015_003F	52.88289058	1.742547194	6.090373281	5.637652686	0.183650807	0.657726147	0.183650807	0.60220381	0.119586572	0.025625694	0.217818399	10.92081661	0.076877082	0.012812847	0	0.051251388	0.811480311	0.012812847	0.064064235	0.051251388
Tsitsikamma nguni	TIC2015_003L	64.27106151	0.448524043	3.376099579	6.474044713	0.006953861	0.49372414	0.05910782	0.128646431	2.527728521	0.024338514	0.06258475	0.152984945	0.024338514	0.010430792	0	0.034769306	0.86227878	0	0.017384653	0
Tsitsikamma nguni	TIC2015_006A	41.4914552	0.217503884	23.13827033	1.833247022	0.341791818	2.744691869	0	0.466079751	1.543241844	0	0.020714656	0.082858622	0.134645262	0.020714656	0	0	1.460383221	0	0	0
Tsitsikamma nguni	TIC2015_006B	24.07837928	0.597808037	15.70906676	0.863500498	0.265692461	0.730654268	0.066423115	3.088674859	0.996346729	0.066423115	0	0.033211558	0.398538691	0.066423115	0	0.033211558	0.863500498	0	0.099634673	0
Tsitsikamma nguni	TIC2020_003	62.1187738	0.078502178	1.899752718	2.96541979	0.058876634	0.459237744	0	0.10990305	0.03532598	1.208933548	0.001962554	6.733524355	0.005887663	0.090277505	0	2.561133571	0.001962554	0	0.001962554	0
Tsitsikamma madiba	TIC2021_002	0.008102743	16.06166187	0.265364826	0.006077057	16.25815338	0.86091642	0	0.71506705	7.620629583	0.445650853	1.28428473	0.0141798	0.066847628	0.111412713	0	1.292387473	0.796094478	0	0	0
Tsitsikamma madiba	TIC2021_031	0.045015112	58.66326552	0.703093181	0.002143577	3.196072967	2.152151079	0	0.437289662	0.602345073	0.102891685	3.32040042	0.002143577	0.120040299	0.019292191	0	0.075025187	0.325823669	0	0.002143577	0.004287154
Tsitsikamma madiba	TIC2021_043	0.1748437	53.22931016	0.050333793	0.034438911	1.769630179	0.558970012	0	0.283458726	1.520610363	0.378828017	2.845183851	4.437321183	0.045035499	0.005298294	0.002649147	0.02649147	0.063579527	0	0.013245735	0.06093038
Tsitsikamma madiba	TIC2022_004	0.011753298	49.01713043	0.993153704	0.002938325	2.406487821	3.249786971	0	1.178268152	6.082331854	1.422149091	4.298768842	0.014691623	0.07051979	0.846237475	0	0.014691623	4.480944965	0	0	0
Tsitsikamma madiba	TIC2022_005	0	47.57684852	0.200775408	0	17.95901412	2.222376073	0	0.69579064	4.652450845	0.138465799	4.067432844	0.263085018	0.038078095	0.05538632	0	0	2.329687067	0	0	0.00692329
Tsitsikamma madiba	TIC2022_008	0.006675345	36.7477721	0.637495411	0	27.96635626	2.366409666	0	0.170221288	6.024498515	0.123493875	3.060645506	0	0.076766463	0.030039051	0	0.010013017	4.185441073	0	0	0.040052068
Tsitsikamma madiba	TIC2022_009	0.009858822	47.34008991	0.463364619	0	19.71172805	0.554065778	0	0.193232905	7.031311618	0.274075243	3.97113337	0.011830586	0.053237637	0.084785866	0	0.005915293	1.344743276	0	0	0.134079975
Tsitsikamma madiba	TIC2022_063	0.011899096	36.04712042	0.042836744	0.002379819	14.86910995	1.742027606	0	3.207996192	12.16801523	0.099952404	2.553545931	0.014278915	0.047596383	0.059495478	0.019038553	0.023798191	2.33460257	0	0	0
Tsitsikamma madiba	TIC2022_070	0	34.55882353	0.153186275	0	29.3236826	1.328890931	0	0.298713235	1.727175245	0.07276348	2.719056373	0	0.111060049	0.015318627	0.015318627	0.007659314	1.405484069	0	0	0
Tsitsikamma madiba	TIC2022_001	0.006864517	40.47548223	0.700180766	0	17.11095348	2.546735922	0	0.757385077	6.683751688	0.789419491	3.484886621	0.00915269	0.164748415	0.144154864	0.002288172	0.018305379	1.178408805	0	0	5.70899023
Tsitsikamma madiba	TIC2022_003	0.077279753	48.3127254	0.685500029	0.002862213	8.562310378	6.249642223	0	0.24328811	3.20997195	1.708741199	4.183124392	0.002862213	0.057244261	0.665464537	0	0.018604385	1.408208827	0	0	0.028622131
Tsitsikamma madiba	TIC2022_021	0.421254314	42.36821039	0.129919555	0.028871012	25.29494364	3.364785239	0	0.351701421	5.759766932	0.585294156	2.926470781	0.005249275	0.015747825	0.316268815	0	0.015747825	4.712536581	0	0	0.015747825
Tsitsikamma michaeli	TIC2015_201	0.11468377	39.16663127	0.169901882	0.067960753	0.012742641	16.23837234	0.008495094	5.058828527	1.376205241	0.046723017	4.523637599	0	0.191139617	0.012742641	0.063713206	0	0.998173555	0	0.008495094	0.029732829
Tsitsikamma michaeli	TIC2015_202	0.102790015	39.10792952	0.543318649	0.003671072	0.01835536	16.18942731	0	2.408223201	3.527900147	0.01835536	2.485315712	0.011013216	0.220264317	0.029368576	0.062408223	0.011013216	0.862701909	0.011013216	0.003671072	4.335535977
Tsitsikamma michaeli	TIC2015_204	0.294279016	56.47164447	1.032470447	0.074816699	0.079804479	5.980348147	0	3.137313582	0.418973515	0.079804479	3.730859394	0.03990224	0.124694498	0.099755599	0.01995112	0	0.413985735	0	0.049877799	2.862985685
Tsitsikamma michaeli	TIC2017_026	0.038494604	55.76841646	0.622329437	0.011548381	0.001283153	0.001283153	0	0.005132614	3.912334954	2.688206536	6.261788973	0.001283153	0.002566307	0.414458573	0.00384946	0.545340228	0.041060911	0	0.008982074	0
Tsitsikamma michaeli	TIC2017_028	0.053065647	62.58429699	0.35708758	0.01547748	5.075507993	1.285736396	0	0.31065514	0.494173834	1.645035045	5.068874787	0.002211069	0.021005152	0.284122316	0.002211069	0.161408008	2.047449532	0	0.00773874	0.002211069
Tsitsikamma michaeli	TIC2017_030	0.042111299	68.19073731	0.305530916	0.013439776	0.895985091	1.802722003	0	0.046591225	1.903072333	1.096685751	6.202008799	0.00179197	0.013439776	0.132605793	0.00179197	0.223100288	1.918304079	0	0.00179197	0.00179197
Tsitsikamma michaeli	TIC2017_034	0.033408249	66.5249347	0.16400413	0.018222681	1.394035109	0.912652615	0.001518557	0.388750531	1.135880459	0.67120209	7.999757031	0.00455567	0.010629897	0.083520622	0.001518557	0.347749499	2.321873292	0	0.009111341	0.001518557
Tsitsikamma michaeli	TIC2019_013N	0.002659999	53.78517849	0.007979997	0	0	4.540618184	0	1.643879342	0.188859924	1.117199553	5.471617811	0.002659999	0.010639996	0.034579986	0.002659999	0.957599617	0.021279991	0	0	1.877959249
Tsitsikamma pedunculata	TIC2015_205	28.00071917	0.1869831	0.053937433	8.525710176	13.77921611	0.715569939	0	5.005393743	13.49514563	0.053937433	0.007191658	0.266091334	1.718806185	0.046745775	0.021574973	0.017979144	0.409924488	0.003595829	4.063286588	0.053937433
Tsitsikamma pedunculata	TIC2015_206	32.36429619	0.092656938	0.312717165	12.67855764	10.20384526	0.49803104	0.011582117	3.076982472	1.497953826	0.042467763	0.019303529	0	4.991892518	0.007721411	0.061771292	0.011582117	0.065631998	0	2.273955679	3.354953285
Tsitsikamma pedunculata	TIC2015_217	48.44384303	0.009332276	0.083990481	18.70188045	3.410946759	0.041995241	0.023330689	0.732583641	0.102655032	0.205310065	0.004666138	0.004666138	5.268069619	0.013998414	0	0	0.41062013	0	3.070318697	0.891232327
Tsitsikamma pedunculata	TIC2015_218	41.07678794	0.084181246	0.13176195	21.45157748	7.213966767	0.058560867	0.018300271	0.505087475	0.501427421	0.355025254	0.040260596	5.248517678	1.771466218	0.036600542	0	0.054900813	0.003660054	0.003660054	3.886977527	0.025620379
Tsitsikamma pedunculata	TIC2015_219	32.62165059	0.008574491	0.0471597	5.076098607	1.680600214	0.261521972	0	2.979635584	0.72454448	0.184351554	0	0.025723473	18.02357985	0.008574491	0.0943194	0.004287245	0.368703108	0	2.911039657	0.351554126
Tsitsikamma pedunculata	TIC2017_018	58.64329777	0.016148654	0.017225231	10.70655743	1.290815722	0.088279307	0	0.828964225	0.380031651	0.665324534	0.006459461	0.004306308	1.167009377	0.025837846	0	0.626567765	0.162563114	0	3.970415666	0.873103879
Tsitsikamma pedunculata	TIC2017_019	50.09486983	0.019783283	0.032372645	15.52178409	5.108583247	0.145676903	0	0.870464458	0.786835124	0.471201834	0.005395441	0.00089924	5.31630772	0.029674925	0.00179848	0.163661706	0	0	4.454835664	0.026077964
Tsitsikamma pedunculata	TIC2017_020	44.43069987	0.01740979	0.032070665	14.35391354	12.5826965	0.260230542	0	1.056499349	0.629501347	0.595598072	0.005497828	0	2.092839995	0.022907618	0.001832609	0.212582697	0.000916305	0	4.128869097	0.278556637
Tsitsikamma pedunculata	TIC2017_022	38.91817669	0.018390015	0.008582007	19.93109874	4.902778118	0.274624231	0	1.863521565	0.730696614	0.727018611	0.008582007	0.001226001	3.691489101	0.011034009	0.001226001	0.289336243	0.002452002	0	6.9048378	0.628938528
Tsitsikamma pedunculata	TIC2021_034	32.32381317	0.017038315	0.070283049	11.14518774	7.171000788	1.654846336	0	4.591825868	0.06815326	0.019168104	0	0.002129789	6.321214832	0.004259579	0	0.025557472	0.038336209	0	1.567524972	17.76883266
Tsitsikamma pedunculata	TIC2022_019	22.73369525	0.012394338	0.096675838	13.61394115	25.01673236	1.0039414	0	6.873900002	5.10150963	0.002478868	0.002478868	0	6.112887633	0.002478868	0	0.002478868	0.012394338	0	4.03559654	0.002478868
Tsitsikamma pedunculata	TIC2022_059	29.05976513	0.014959982	0.673199192	12.57012492	2.30009724	1.178098586	0	5.40803351	11.665046	0.059839928	0	0	10.89834692	0.026179969	0.026179969	0.003739996	0.014959982	0	2.891016531	5.037773955
Cyclacanthia bellae	TIC2016_051	0.05899705	13.46396966	0.021070375	0	0	0.0674252	0	0.00842815	0.0337126	0.219131901	0.935524652	0.00842815	0	0.080067425	0.0168563	1.011378003	3.430257059	27.04171934	0	0
Cyclacanthia bellae	TIC2016_053	0.024518818	15.45094193	0.00408647	0.00408647	0	0.012259409	0	0.00408647	0.163458788	0.780515712	1.270892076	1.103346819	0	0.662008091	0.016345879	10.07723428	1.176903273	11.75677332	0.00408647	0
Cyclacanthia bellae	TIC2012_056	0.310685962	6.630692503	0.008175946	0.073583517	0.008175946	0.024527839	0.024527839	0.008175946	0.057231625	0.253454337	0.964761671	2.142097948	0	0.057231625	0.016351893	0.057231625	4.047093451	6.589812771	0.008175946	0.008175946
Latrunculia apicalis	ACE2016_045	0.321691176	0.080422794	0.011488971	0.057444853	0.022977941	0.022977941	42.42876838	0.011488971	0.011488971	0.005744485	0.005744485	0.011488971	0.005744485	0.011488971	0	0	0.005744485	0	0.005744485	0.005744485
Latrunculia apicalis	ACE2016_060	0.176842478	0.053052743	0.004421062	0.026526372	0.013263186	0.044210619	81.65259295	0.017684248	0.004421062	0.008842124	0	0	0.008842124	0.030947434	0	0	0	0	0	0
Latrunculia apicalis	ACE2016_080	0.161796897	0.023793661	0.004758732	0.04282859	0.014276197	0.04282859	61.92538308	0.014276197	0	0.023793661	0	0.004758732	0.009517465	0.076139716	0	0	0.004758732	0	0.004758732	0