Sample	Source	OTU1	OTU2	OTU3	OTU4	OTU5	OTU6	OTU7	OTU8	OTU9	OTU10	OTU11	OTU12	OTU13	OTU14	OTU15	OTU16	OTU17	OTU18	OTU19	OTU20
Evans_2014	Seawater	0.085716864	0.031579897	0.013534242	0	1.213570333	0	0.013534242	7.520526933	0.013534242	18.99756384	1.714337273	0.004511414	0.018045656	0.130831002	0.013534242	0	0	0.018045656	0.157899486	0.433095732
Evans_2015	Seawater	0.046999107	0.018799643	0	0	7.867650515	0	0	10.73459604	0	4.916106594	3.759928561	0	0.173896696	0.004699911	0.004699911	0	0	0	0.004699911	0.023499554
Evans_2017	Seawater	0.01362893	0	0.009085953	0	8.908777031	0	0	11.434672	0	2.689442122	3.634381247	0.004542977	0.172633109	0.004542977	0	0.009085953	0	0.009085953	0.536071234	0.031800836
Evans_2016	Seawater	0.098236906	0.010340727	0	0	1.897523396	0	0	3.288351171	0	7.062716509	2.130189752	0.005170363	0.005170363	0.020681454	0.113747996	0	0	0.005170363	44.63574789	0.108577633
RIY_2015	Seawater	0.036920048	0.012306683	0	0	26.63986545	0	0	16.36378554	0	0.918898962	3.093079542	0	0.004102228	0	0.041022275	0	0	0.004102228	0.028715593	0.024613365
RIY_2016	Seawater	0.094507239	0.026462027	0.018901448	0.015121158	10.56590935	0.00378029	0.007560579	11.29172495	0.00378029	1.84478131	2.207689109	0.007560579	0.011340869	0.00378029	0.007560579	0	0	0.00378029	0.030242317	0.030242317
RIY_2016B	Seawater	0.077011937	0	0.008556882	0.004278441	26.7659265	0	0.004278441	17.13943439	0.004278441	0.770119369	3.328627048	0	0.012835323	0.004278441	0.008556882	0	0	0	0.025670646	0.017113764
RIY_2017	Seawater	0.028773873	0	0.003596734	0	8.70409668	0	0	11.40524404	0	4.862784592	5.815919145	0	0	0.089918354	0.158256303	0	0	0	0.007193468	0.017983671
TIC2012_057	Tsitsikamma favus	41.58323008	0.13059639	2.283762515	0.006697251	0.368348793	0.030137629	33.32217125	0.073669759	0.016743127	0.083715635	0.063623882	0.475504805	0.113853263	0.030137629	0.030137629	0	0.378394669	0.006697251	0.003348625	0.063623882
TIC2014_001	Tsitsikamma favus	72.45034985	0.15548802	2.756378543	0.007067637	0.18375857	0.035338186	0.226164393	0.098946922	0.007067637	1.92946498	0.127217471	0.240299668	0.007067637	7.548236624	0.692628454	0	0.49473461	0.007067637	0.848116475	0.579546258
TIC2015_013	Tsitsikamma favus	72.29544449	4.679345422	4.219371959	0.061919505	0.305174701	0.092879257	1.309155241	0.035382574	0.030959752	0.035382574	0.128261831	0.384785493	0.097302079	1.318000885	0.203449801	0	0.650154799	0.008845644	0.066342326	0.035382574
TIC2016_050A	Tsitsikamma favus	72.57034156	0.215780358	10.73791204	0.017035291	0.235654865	0.366258766	0.079498027	0.025552937	0.056784305	0.613270492	0.749552824	0.068141166	0	0.158996053	0.599074416	0	1.995968314	0	0	0.215780358
TIC2016_050AD	Tsitsikamma favus	62.27929374	0.42994726	9.785599633	0	0.407016739	0.028663151	0.143315753	0.074524192	0.00573263	4.689291447	0.624856684	0	0	1.157991286	3.445310709	0	1.75418482	0	0.131850493	1.484751204
TIC2016_050AH	Tsitsikamma favus	47.30400851	2.429939695	7.520397304	0	0.438985456	0.110854913	0.053210358	0.10198652	0.008868393	4.097197588	0.678432068	0.186236254	0.062078751	0.860234126	4.03068464	0	1.188364668	0	0.008868393	2.296913799
TIC2016_050AW	Tsitsikamma favus	64.42701084	0.476612257	3.766502172	0	0.447087604	0.01687123	0.358513645	0.189801341	0.008435615	3.15913788	0.670631406	0.004217808	0.012653423	1.750390147	5.626555317	0	0.679067021	0	0	1.577460036
TIC2016_050B	Tsitsikamma favus	67.90354903	0.543021527	7.847953972	0	0.407266145	0.109897214	0.19393626	0.103432672	0.012929084	2.217337902	0.672312367	0.012929084	1.648458207	0.458982481	1.945827138	0	1.364018359	0	0.006464542	0.633525115
TIC2016_050C	Tsitsikamma favus	46.68057004	0.521376434	0.486618005	0.017379214	0.15641293	0.139033716	0.625651721	0.104275287	0	1.007994439	0.260688217	0.364963504	0	1.233924227	10.20159889	0	0.15641293	0	0	5.196385123
TIC2016_050D	Tsitsikamma favus	36.90836395	4.997838772	11.50313378	0	0.199913551	0.248541171	3.906418846	0.037821483	0.037821483	1.885671061	0.653771342	0.064836827	0.010806138	2.177436784	6.921331316	0	1.658742166	0	0	2.107196888
TIC2018_003A	Tsitsikamma favus	39.04164129	1.060939622	28.31280154	0.114759474	1.056255562	0.128811654	0.00234203	0.021078271	0.00936812	0.442643684	1.271722329	0.025762331	2.194482177	0.046840601	0.133495714	0	0.763501803	0	0	0.210782706
TIC2018_003B	Tsitsikamma favus	41.191593	0.690059535	27.67003428	0.121775212	1.231282699	0.135305791	0.112754826	0.027061158	0.022550965	0.423958145	1.136568645	0.04510193	2.3317698	0.063142703	0.171387335	0	0.911058993	0	0	0.14883637
TIC2018_003C	Tsitsikamma favus	40.62523316	0.667760949	28.60553607	0.082071178	0.86174737	0.085801686	0.037305081	0	0.01865254	0.395433858	1.111691412	0.026113557	2.234574349	0.05968813	0.164142356	0	1.107960904	0	0	0.205177945
TIC2018_003D	Tsitsikamma favus	38.5851419	0.897328881	33.5589077	0.137133317	0.807894109	0.077510136	0.005962318	0.020868114	0.029811591	0.35475793	1.037443358	0.029811591	2.25673742	0.03279275	0.125208681	0	0.861554973	0.002981159	0	0.163963749
TIC2018_003E	Tsitsikamma favus	43.90779856	1.345351809	26.82183058	0.112112651	0.852056146	0.143504193	0.008969012	0.017938024	0.013453518	0.251132338	0.923808243	0.062783084	2.174985425	0.049329566	0.116597157	0	0.838602628	0	0	0.161442217
TIC2018_003F	Tsitsikamma favus	44.9290875	0.630333304	28.07659144	0.071358487	0.781970089	0.092171379	0.00297327	0.017839622	0.011893081	0.315166652	1.073350578	0.029732703	2.087235751	0.026759433	0.145690245	0	0.853328576	0.00297327	0	0.130823893
TIC2018_003G	Tsitsikamma favus	30.74852149	1.535881366	17.14626181	0.026480713	1.941918969	0.061788331	0.172124636	0.035307618	0.057374879	0.251566776	2.118457057	0.044134522	3.18651249	0.026480713	0.114749757	0	0.666431283	0	0	0.573748786
TIC2018_003H	Tsitsikamma favus	36.66311768	1.797457256	18.82946076	1.496837227	0.879939876	0.078286466	0.009394376	0.02192021	0.043840421	0.165967308	2.40496023	0.075155007	6.795265235	0.037577504	0.106469594	0.003131459	0.616897351	0	0	0.341328991
TIC2018_003I	Tsitsikamma favus	40.46696377	0.361687012	20.47406833	0.145320674	1.569463282	0.158238068	0.406897888	0.048440225	0.064586966	0.390751146	1.107666473	0.016146742	7.643867468	0.016146742	0.235742427	0	0.655557708	0.003229348	0	0.716915326
TIC2018_003J	Tsitsikamma favus	33.71681985	0.973712964	15.38337939	0.012854297	1.356128286	0.073912205	0.829102127	0.035349316	0.080339353	0.478822546	1.423613343	0.067485057	2.297705508	0.067485057	0.179960152	0.003213574	0.424191786	0	0	0.739122052
TIC2018_003M	Tsitsikamma favus	22.82420913	1.271630462	30.45965618	0.033985669	1.147016341	0.033985669	0.022657113	0.09629273	0.011328556	0.495624345	0.795831091	0.005664278	4.534254723	0.033985669	0.152935512	0	0.795831091	0	0	0.444645841
TIC2018_007A	Tsitsikamma favus	42.19370715	4.394445421	34.02003867	0.682017929	1.226929162	0.059764458	0.06679557	0.017577782	0.014062225	0.112497803	0.762875725	0.007031113	3.462822992	0.063280014	0.14413781	0	0.850764634	0	0	0.084373352
TIC2018_007B	Tsitsikamma favus	47.87715517	2.036637931	10.48491379	0	0.985991379	0.172413793	0.075431034	0.010775862	0.043103448	0.441810345	1.099137931	0.172413793	2.60237069	0.048491379	0.15625	0	0.576508621	0	0.005387931	0.199353448
TIC2018_007C	Tsitsikamma favus	40.33759358	2.11494122	31.64441661	0.048390311	0.705929236	0.07400871	0	0.014232444	0.017078933	0.236258575	0.819788791	0.0256184	5.078136119	0.062622755	0.185021776	0	1.007657055	0.002846489	0	0.113859554
TIC2018_007D	Tsitsikamma favus	43.56022817	0.718798762	25.72071726	0	0.892742946	0.053718057	0.007674008	0.010232011	0.035812038	0.063950068	1.458061546	0.030696033	1.460619548	0.035812038	0.089530095	0	0.984831044	0	0	0.051160054
TIC2018_007E	Tsitsikamma favus	41.95182676	0.700596375	30.01563314	0.127381159	0.691911296	0.101325922	0.005790053	0.002895026	0.028950263	0.199756818	0.90324822	0.034740316	2.229170285	0.066585606	0.159226449	0	0.790342192	0.005790053	0	0.115801054
TIC2018_014A	Tsitsikamma favus	38.97704698	2.115794261	30.02560973	0.098130729	1.148847562	0.110097891	0.011967162	0.004786865	0.040688351	0.354227998	0.981307293	0.047868648	2.704578636	0.07898327	0.186687729	0	0.854455374	0	0	0.177113999
TIC2018_014B	Tsitsikamma favus	42.52272409	1.166270452	30.44609146	0.083904349	0.7691232	0.145434205	0.095091596	0.002796812	0.03356174	0.366382324	1.015242623	0.025171305	1.929800028	0.030764928	0.134246958	0	0.984477695	0	0	0.165011886
TIC2018_014C	Tsitsikamma favus	43.92750016	0.950922203	30.1582743	0.226562001	0.797753526	0.252090114	0.130831578	0.015955071	0.022337099	0.312719382	1.072180739	0.022337099	1.783776884	0.051056226	0.165932733	0	1.177484204	0	0	0.098921437
TIC2018_014D	Tsitsikamma favus	40.69673406	2.307931571	34.91446345	0.049766719	0.721617418	0.118195956	0.00933126	0.00622084	0.018662519	0.286158631	0.612752722	0.01244168	2.34525661	0.080870918	0.161741835	0	1.144634526	0.00311042	0.00311042	0.121306376
TIC2018_014E	Tsitsikamma favus	37.84124548	3.892117092	30.12827541	0.030150203	1.14296678	0.090450608	0.052077623	0.016445565	0.019186493	0.356320579	0.959324635	0.027409275	2.798487008	0.074005043	0.178160289	0	0.962065563	0.002740928	0	0.20008771
TIC2015_003E	Tsitsikamma nguni	36.93886622	2.727382925	22.2877692	0.222231201	0.004040567	1.559658976	17.77445553	0.024243404	0.226271769	0.04444624	0.052527375	0.872762536	0.004040567	0.032324538	0.020202836	0	3.260737808	0.096973615	0.117176452	0.258596307
TIC2015_003F	Tsitsikamma nguni	61.1642607	2.289228667	8.277099171	0.200734603	0.025625694	0.12812847	12.31314598	0.017083796	0.136670368	0.029896643	0.004270949	2.075681216	0.008541898	0.081148031	0.051251388	0	1.349619886	0.081148031	0.017083796	1.533270693
TIC2015_003L	Tsitsikamma nguni	73.43625048	0.604985918	4.408747957	0.006953861	0.146031084	2.913667814	0.159938806	0.010430792	0.045200097	0.05910782	0.104307917	2.082681409	0.006953861	0.06258475	0.034769306	0	0.577170474	0.003476931	2.931052467	2.013142798
TIC2015_006A	Tsitsikamma nguni	45.73795961	0.269290523	28.81408597	0.372863801	0.010357328	1.708959089	0.082858622	0.031071983	0.497151735	0	0.310719834	2.651475919	0	0	0	0	3.987571207	0	0.010357328	0.010357328
TIC2015_006B	Tsitsikamma nguni	26.53603454	0.730654268	21.58751245	0.298904019	0.298904019	1.129192959	0.033211558	0.066423115	0.464961807	0.199269346	0.996346729	1.328462305	0.066423115	0.13284623	0.033211558	0.166057788	3.520425108	0	0	0
TIC2020_003	Tsitsikamma nguni	65.96341798	0.086352396	2.702437493	0.066726852	1.524904816	0.039251089	7.131922911	0.105977941	0.007850218	1.495466499	1.558268242	0.001962554	0	2.386466224	2.67496173	0	0.113828159	0	0	0.547552695
TIC2021_002	Tsitsikamma madiba	0.020256857	17.8422396	2.716444516	17.75310943	0.666450594	8.631446745	0.0141798	0.202568569	0.18838877	0.273467569	0.59757728	0.913584248	0	0.083053113	1.415954301	0	0.052667828	0	0	2.870396629
TIC2021_031	Tsitsikamma madiba	0.053589419	62.91826542	4.233564125	3.481168678	0.113609569	0.675226683	0.002143577	0.137188913	0.220788408	0.685944567	0.081455917	0.355833744	0	0.12647103	0.079312341	0	0.177916872	0.00643073	0	0.353690167
TIC2021_043	Tsitsikamma madiba	0.246370669	56.96725654	1.064957084	1.933877292	0.453004133	1.626576242	4.736674791	0.084772703	0.071526968	0.606654657	0.129808202	0.066228674	0.002649147	0.071526968	0.029140617	0	0.045035499	0.076825262	0	0.116562467
TIC2022_004	Tsitsikamma madiba	0.020568272	54.98780595	7.004965769	2.706196927	2.268386566	7.275291629	0.014691623	1.166514853	0.126347956	0.311462404	0.534775071	5.06273323	0	0	0.014691623	0	0.1674845	0	0	0.011753298
TIC2022_005	Tsitsikamma madiba	0.01384658	53.4789532	3.91858211	20.03600111	0.287316533	5.483245638	0.280393243	0.086541124	0.083079479	0.04846303	0.373857657	3.080864027	0	0.003461645	0	0	0.162697314	0.010384935	0.010384935	0.003461645
TIC2022_008	Tsitsikamma madiba	0.016688362	41.11010981	4.03524582	31.13714496	0.210273355	7.135943393	0	0.040052068	0.196922666	0.023363706	0.300390508	5.009846133	0	0	0.010013017	0	0.153532926	0.053402757	0	0.016688362
TIC2022_009	Tsitsikamma madiba	0.023661172	52.88469122	1.885006704	21.86292294	0.421957568	8.220285511	0.011830586	0.112390567	0.096616452	0.033519994	0.339143466	1.498540894	0.003943529	0.001971764	0.007887057	0	0.076898809	0.299708179	0.003943529	0.003943529
TIC2022_063	Tsitsikamma madiba	0.016658734	40.09519277	7.439314612	16.54450262	0.24750119	14.40504522	0.016658734	0.076154212	0.066634936	0.078534031	0.140409329	2.727272727	0.019038553	0	0.030937649	0	0.223702999	0	0	0.002379819
TIC2022_070	Tsitsikamma madiba	0	38.46890319	2.550551471	32.5903799	0.13403799	2.048866422	0	0.026807598	0.214460784	0.022977941	0.252757353	1.593137255	0.015318627	0.003829657	0.007659314	0	0.065104167	0	0	0.007659314
TIC2022_001	Tsitsikamma madiba	0.018305379	45.49344439	5.640345056	18.97581402	1.228748598	7.885042217	0.00915269	0.226529071	0.359243073	0.070933346	0.315767796	1.53994005	0.002288172	0.002288172	0.020593552	0	0.135002174	6.734091481	0	0.002288172
TIC2022_003	Tsitsikamma madiba	0.094453031	54.06720476	9.775888717	9.581258229	2.663289255	3.839658824	0.002862213	0.951685843	0.789970805	0.253305856	0.679775602	2.551662946	0	0	0.020035491	0	0.291945732	0.044364302	0	0.008586639
TIC2022_021	Tsitsikamma madiba	0.468497789	46.6201231	5.211217701	27.44583404	0.964554271	6.541908899	0.005249275	0.430440545	0.024934056	0.139105786	0.329392003	5.171848138	0	0.003936956	0.018372462	0	0.179787667	0.015747825	0.003936956	0.007873912
TIC2015_201	Tsitsikamma michaeli	0.195387164	46.07314276	24.05810644	0.021237735	0.080703394	1.656543346	0	0.012742641	0.607399227	0.046723017	0.288833199	2.663211995	0.067960753	0.021237735	0	0.016990188	3.971456484	0.063713206	0	0.008495094
TIC2015_202	Tsitsikamma michaeli	0.154185022	43.96842878	21.8061674	0.01835536	0.040381791	4.240088106	0.014684288	0.033039648	0.62041116	0.01835536	0.033039648	1.802496329	0.073421439	0.029368576	0.011013216	0	3.12041116	6.116005874	0	0
TIC2015_204	Tsitsikamma michaeli	0.478826874	63.75879096	12.37468203	0.089780039	0.159608958	0.518729114	0.03990224	0.164596738	0.244401217	0.144645618	0.254376777	0.907775949	0.049877799	0.054865579	0	0	2.279415432	3.875505013	0	0.00997556
TIC2017_026	Tsitsikamma michaeli	0.074422902	66.06572312	0.727548022	0.002566307	3.206600541	5.005581718	0.001283153	0.592816907	0.005132614	0.949533574	1.988887891	0.120616427	0.00384946	6.909781479	0.631311511	0	0.141146883	0	0	0.333619904
TIC2017_028	Tsitsikamma michaeli	0.108342362	71.21078117	2.373582152	5.560837553	1.933579499	0.614677073	0.003316603	0.370353992	0.037588166	0.459902271	1.886041524	2.443230813	0.002211069	1.734583324	0.189046366	0	0.35708758	0.003316603	0	0.247639684
TIC2017_030	Tsitsikamma michaeli	0.076158733	77.9569748	2.692435198	0.988271555	1.274986784	2.267738265	0.00179197	0.176509063	0.032255463	0.265211587	1.116397423	2.508758254	0.00358394	2.226522951	0.253563781	0	0.371833813	0.002687955	0	0.157693376
TIC2017_034	Tsitsikamma michaeli	0.095669076	80.20105692	1.763044403	1.62333718	0.827613436	1.517038207	0.00455567	0.123003098	0.019741238	0.308267023	0.733462917	2.87159084	0.001518557	3.647573346	0.420640224	0	0.470752597	0.001518557	0	0.179189698
TIC2019_013N	Tsitsikamma michaeli	0.015959994	60.33143587	6.905357238	0	1.529499388	0.204819918	0.002659999	0.077139969	0.082459967	0.10107996	0.69957972	0.045219982	0.005319998	1.165079534	1.037399585	0.005319998	0.561259775	3.833058467	0	2.343459063
TIC2015_205	Tsitsikamma pedunculata	44.22150306	0.201366415	6.663070838	14.79683567	0.104279036	15.98345919	0.273282992	0.082704063	2.143113988	0.100683207	0.140237325	0.791082344	0.035958288	0.133045667	0.017979144	0	1.085940309	0.068320748	0	0.017979144
TIC2015_206	Tsitsikamma pedunculata	52.29711991	0.138985407	4.771832291	11.88711296	0.069492703	1.887885105	0	0.030885646	7.095977145	0.05404988	0.243224461	0.177592464	0.065631998	0.173731758	0.011582117	0	0.9420122	5.930044012	0	0.065631998
TIC2015_217	Tsitsikamma pedunculata	76.5199944	0.069992068	1.0358826	3.914889646	0.23797303	0.135317997	0.004666138	0.018664551	6.896551724	0.158648686	0.088656619	1.222528113	0	0.009332276	0	0	0.223974616	1.306518595	0	0.027996827
TIC2015_218	Tsitsikamma pedunculata	73.78669204	0.168362492	0.827172242	8.176561013	0.501427421	0.644169534	5.976868458	0.047580704	2.26557353	0.212283142	0.124441842	0.014640217	0	0.226923358	0.054900813	0	0.1756826	0.04392065	0	0.095161408
TIC2015_219	Tsitsikamma pedunculata	43.56270096	0.017148982	4.300107181	1.774919614	0.372990354	0.861736334	0.025723473	0.012861736	22.46516613	0.0471597	0.364415863	0.617363344	0.107181136	0.008574491	0.004287245	0	0.467309753	0.493033226	0	0.004287245
TIC2017_018	Tsitsikamma pedunculata	78.7612906	0.038756769	1.070117455	1.439383337	0.752527264	0.453238882	0.004306308	0.031220731	1.541658144	0.606112804	0.307900998	0.340198305	0	4.496861778	0.722383111	0	0.181941499	1.274667069	0	0.447855997
TIC2017_019	Tsitsikamma pedunculata	76.04064565	0.055752889	1.187896228	5.703880221	0.536846365	0.95139607	0.00089924	0.036868846	7.046445753	0.31923025	0.217616114	0.00089924	0.00179848	1.790387123	0.19153815	0	0.240097118	0.045861247	0	0.098017175
TIC2017_020	Tsitsikamma pedunculata	68.13641945	0.037568494	1.52381476	13.82520571	0.696391592	0.768779665	0	0.028405447	2.71042938	0.575439368	0.351861015	0.002748914	0.001832609	2.207378086	0.237322924	0	0.225410963	0.354609929	0	0.11820331
TIC2017_022	Tsitsikamma pedunculata	72.96177329	0.064978055	2.459358066	5.453252581	0.842262708	0.874138734	0.001226001	0.013486011	4.922394135	0.378834318	0.349410294	0.004904004	0.001226001	2.346565971	0.328568276	0	0.420518353	0.859426722	0	0.107888091
TIC2021_034	Tsitsikamma pedunculata	47.01935979	0.027687262	7.115626265	7.662982131	0.029817051	0.080931996	0.002129789	0.03194684	6.915426064	0.298170511	0.027687262	0.074542628	0	0.059634102	0.03194684	0	0.345025877	20.65895683	0	0.325857773
TIC2022_019	Tsitsikamma pedunculata	44.75595548	0.04214075	9.119754096	28.16241541	0.007436603	6.194690265	0	0.002478868	7.126744503	0.002478868	0.022309809	0.019830941	0	0.002478868	0.004957735	0	0.40157656	0.002478868	0	0.007436603
TIC2022_059	Tsitsikamma pedunculata	48.06642232	0.037399955	8.777769467	2.617996858	0.082279901	13.79310345	0	0.037399955	12.55890493	0.003739996	0.029919964	0.041139951	0.03365996	0	0.003739996	0	0.29171965	6.470192236	0	0
TIC2016_051	Cyclacanthia bellae	0.063211125	15.20859671	23.71260008	0	0.493046776	0.046354825	0.012642225	0.096923725	0	1.268436578	1.150442478	6.418036241	0.0168563	0.303413401	1.158870628	0	0.0337126	0	0.004214075	0.353982301
TIC2016_053	Cyclacanthia bellae	0.036778227	17.66580851	10.76784766	0	1.234113849	0.326917576	1.193249152	0.862245106	0	3.52253688	1.90020841	2.586735319	0.024518818	2.366065956	11.27048343	0	0.028605288	0.00408647	1.213681501	1.965591925
TIC2012_056	Cyclacanthia bellae	0.408797318	8.012427438	6.34453438	0.016351893	0.294334069	0.098111356	2.493663642	0.073583517	0	0.057231625	0.147167035	12.30479928	0.016351893	0.237102445	0.057231625	0	0.049055678	0.016351893	0.008175946	0.466028943
ACE2016_045	Latrunculia apicalis	0.436580882	47.4207261	0.051700368	0.028722426	0.051700368	0.022977941	0.011488971	0.074678309	0.011488971	0.068933824	0.103400735	0.028722426	0	0.005744485	0	0	0.011488971	0.005744485	0	0.011488971
ACE2016_060	Latrunculia apicalis	0.207789911	89.43808303	0.088421239	0.013263186	0.035368496	0.013263186	0	0.057473805	0.013263186	0.026526372	0.030947434	0.004421062	0	0.004421062	0	0	0.013263186	0.004421062	0	0.004421062
ACE2016_080	Latrunculia apicalis	0.228419149	68.60664319	0.076139716	0.014276197	0.052346055	0	0.004758732	0.152279433	0.014276197	0.085657181	0.04282859	0.014276197	0	0	0	0	0.004758732	0.009517465	0	0